ACCOUNT_ID=0.0.2146149
PRIVATE_KEY=302e020100300506032b6570042204209245e3014bb6515e91fc615ebde00f52b3e436a7ac2463595131ee4b28845cec
TOKEN_ID=0.0.2538902